0110000010100110
0111110100001001
0011011001110100
0010000100001010
1111111011111000
1110001110010100
1100001100001111
0101010111001100
1011111101100111
0010111011110101
1001111001101101
1000111101110110
1000101010101000
1101001110110110
1100110110010001
1010000010000100
1001110111100101
1111100100111111
1011110011101111
1010011110000000
0001110011111101
1001000010010101
0010001111010000
0100001100100011
1100011011100010
0000111101011010
0110100111001100
1010111001001111
1000001010100011
0100101001001001
0010001100100000
0000001100101101
0110010100101101
0001011000101100
0101010100001111
1111110011010010
0011110101100001
0111001001100000
0011001000001000
1000001010010000
0000011011110011
1011110110001110
1010010111001100
0100110110111101
1110001010100000
0001100000100100
1111001110111011
1111100100001100
0100100101010111
0100001001110001
0011010011001000
0001110010101000
1010000101000000
0011000100100101
0001001011110101
0100001010000001
1101111110010100
0110010001111111
1110110001011000
0011010101011001
1100011000100001
0001101011001101
0000111000111011
1001001011101010
1000111000100100
1010100000011001
1001001101111011
1010100110001000
1000011001001001
1011111111110001
0010100100000001
1100110001100110
0101100000011001
1110000011101100
1001010001001100
1001111100001100
0101010100111100
0111101010101000
0101010011111000
1111011100110111
0000011111110100
0000110100010110
1001110001000111
0010100101010100
1100111110111011
1001000100110111
0011000011010010
0100010100010011
0101010001011101
0110010000011001
1100011010110111
0110110010110111
1101011010101011
0001001000110110
1111100010101110
0010000111111010
1000111011010100
1001111010101110
0100111101010100
1110100000010111
0100000000001110
0010011010101011
1110110110011100
0110010011011010
0011010110101001
0010011111001010
1010001010011101
1111001000101010
0110111000111000
1100111101111000
1100000110000000
1111001000101010
0100100001010000
1001100100001111
1111101011100010
1011111101010100
0110000111110100
0100100100000010
1111011011110011
0101110010010101
0000101010110111
0011100101001000
0000001011101001
0101011011010010
1111110010110100
0011000011010010
1011010111010000
1111110110000000
1101111110100111
1101110001001001
1101011000001110
0110000110100001
0010001101110101
0001010010010000
0110001111101101
1001011101010010
1110010101010100
0011011100010101
1111111100111100
1111110101110000
0011011111100101
0101001100111111
1110000110001101
1001011110010001
0001100110110101
0000000100000111
0011000011010010
0011100111101101
0110000010010101
0011001101011010
0001110000001101
1111000100110100
1001100100111100
1000111100010000
0000000011110000
0001001010010011
0100101010001010
1101011011111110
0001110101101100
0111110100111010
0111010100000010
1001010101111000
1100110001100110
0111111100100011
1111110100100101
0101000111010110
1111000100110100
0000100000001011
0111101111111010
1011110010001001
0010101110111101
1111101111010110
1011010011100100
0100000101011100
0101101101100001
1100000000010001
0110111001101101
0101000001110100
0101010111111111
0111100110000101
0100010010000010
1100000111010101
0111111011100111
1111000011000011
0100101000011100
0111011101001110
0110110101110011
0010001100010011
0000101011010001
1011000110011111
1100100001001111
0111011101111101
1001110110110000
0101011110110011
1000101010011011
1001010000101010
1100100010001100
1101011001011011
0110011010010110
1010010010101101
0010111001100011
0101001010011101
1010010110101010
1111100111111100
1111111110101010
0011111011011010
1001110010110111
0011011010000100
0000110011010010
1110010000000110
1001010000101010
1010000100010101
0100011011001110
1001101010000111
0011101011110011
1001000100000100
0101111001111100
0001100010110010
1101110100101000
1010000000100001
1111111001011101
1111110011010010
0110111101101010
0111100111010000
1100111100011110
0010011000001110
1100111010001111
0111111101000101
0101001000001011
1010010100001111
0011100010001100
0101110001100101
1001110010000100
0000110000100010
1011011011111101
0010100010100011
0101010101011010
1011101011011111
1111100111111100
1111111111001100
1110101001101000
0101010000001000
1011001011010100
1000011000011100
0010110010111001
0101101001100110
0110110110000011
1110000101001110
0010001000010100
1111100110011010
0100001101110110
1100111010001111
1100100100101110
1011101110001101
1111000011110000
1101100101010100
0001010100110010
0101010011111000
0000001111101110
0111000001001010
0111011110001101
0001101111111001
0111111101110110
0001110101101100
0001001100110001
0000101011100010
1100100111011110
0001101010101011
1001000111000111
0111100100010011
0111101010101000
0001110111111010
1011011000111110
1010100111011101
0101101011110000
0100100111000001
1110011010111010
1101100100110010
1001001000011010
1100111000101010
0101100110001000
0111001110100100
0010101001111001
1001111111001111
0001011101001101
1001100000111011
0011010111111100
1101101110001110
1110010010100011
1011001011010100
1110010101010100
0010101111011011
1100010001101101
0100010111100011
0110001100011101
1111110010000111
1101000110011100
0011111001001100
0011001110011001
0000000010100101
0101001111001111
1011011110011100
0000000101100001
0100001001000010
1110110100001010
1101010100010000
0000101001110100
0111111000010111
0000011101100010
1011111111000010
0100010111010000
1110000100101000
0011001111001100
1000010101100100
1011110111011011
1001011010010110
1111001011101001
1101011011001101
1001110011010001
1110001110010100
1000110011001101
0011100100011101
0010010100100011
0000110101000011
1100000000010001
1101110010111001
1001100011001011
0100011101101100
0101011110000000
0010100000110101
1100000110000000
1001011101010010
1011000101011100
0011001010101101
0000111010101101
0111010011110101
1010010110011001
1010001001011110
1011011100001010
0001111101000110
0101001001101101
1101000101101100
0100000110101100
0100010000100111
0110101100010110
1001001100101110
0001111101110101
1000001010010000
0111101110101111
1110111110000101
0110110111100101
0110111001101101
1101011101101111
0000111011001011
0001111011010111
0111111011100111
0111101110011100
0001001011110101
0011001111111111
0111010111000001
1001000000000011
0011010011001000
1011011100111001
1111011011110011
0110110010000100
0001000111101011
1100100011011001
0100011001101011
1101110001111010
1011001011100111
1101011101101111
0001011111101000
0101110000000011
1101010100100011
1100001000001000
0101001011001000
1101011000001110
1000110111001010
0110100111111111
1111100000001011
0101001011001000
1010111001001111
0111001000110101
1100110100110100
0000010101111011
1001100100111100
0101000011010001
1011110011101111
0101010101011010
0010101100101011
1000111010000001
1000100011100100
1001001100101110
0101101111110111
0111000001001010
0111000010111010
1011011111001001
1010110111000111
0111000111011011
1100000100100101
0100101111101011
0111111001110001
1111111100001111
1110110001011000
1111111001101110
1101100111110001
1110001101100100
1011000000111101
0011000001110111
1010110011000000
0100001010000001
1100000100010110
0011111001111111
1010001111111100
0111111000100100
0100001111100000
0011011100100110
1100011000100001
0111101110101111
0101000011010001
1000010010010011
1111000111110111
0010010110000110
1101000100001010
0110110001110100
0111100000010100
1111011111000111
0101101001010101
1110100111100000
1001000010010101
0000000101100001
1011011001101011
0000001001111111
1011000001101000
0101000000100001
0100001110110101
0100101101111101
1001101111100110
1000000011101111
0100110100011000
0111111110000110
1000000100101011
1011010001000001
0101110000110000
0001001101010111
1101100110010111
0001101101101111
0000010110001011
1110110001011000
1110101010011000
0111011111011000
0011110101100001
1000101100111001
0000011101100010
1001101000100010
1111001111011101
1010001011111011
0101000001000111
1110001001010000
0011000101110000
1010001011001000
0000011111000111
1011010011010111
0010011010101011
1001110000010010
1111010110001011
0011001111111111
1100101010010101
1000101011001110
0111001110100100
1101010000100100
1001101101110000
1111011010010101
1100000101110000
0000111100001111
0110011000110011
0110010110111011
0110010010111100
1001000100000100
0010111101100100
0110011001100110
1000000100011000
1110000110111110
0100100110010100
1101010111100000
0000100010101110
0101000101000000
1110000111011000
0001111010110001
1010100011101001
0100001101110110
1111000100000111
1100001011111000
0000011011110011
1001110011100010
1101011101011100
1100001011111000
0101110111110100
0110110011010001
1010101010010110
0100100110100111
0010010001110001
1101110010111001
1001010110111011
0100010111100011
0101000000010010
0111011011011111
0010100110010111
0101110010010101
0010111101100100
1110000001001001
1110000111011000
0001011100101011
1010111101001000
1101001111100011
0010101010001001
0000001001111111
1011011000111110
1100010100111111
1101110101111101
0111001001010011
0110010001111111
1110100010110010
1001110010110111
1000111000010111
0110110001110100
1011101111101011
0011100010111111
1101111000000101
0001000111011000
0111000100101011
1101101001111001
0011101011110011
1010111110111000
1101000010011011
0101011011100001
0101101011000011
1011010000010100
1101100011000101
1010000100010101
0100011000111110
1110011101001101
1011110101001101
0011001101101001
1110100000010111
0001011000011111
1110111101000110
0110101000010001
1000111110110101
0100110011011100
1110111110110110
0100000011111110
0010110010111001
0101000111100101
1000010110010100
1101010111010011
0101100111011101
0100101010001010
0100001010000001
0111111101110110
0011101011000000
0111101100111001
1111001110001000
1111011101010001
1101010101000101
0111011101111101
1110101101011100
1010100010111100
1101011011111110
1100001001101110
0011010110101001
0011110111110111
0100010000010100
1010001100111111
1111001000011001
0011000111010101
0000001111101110
1111110111100110
1010111100011101
1010100111011101
1110111111100011
1100100101111011
0100011101101100
1010001101011001
0110001101111011
0010111011110101
0110011010100101
0110010101111000
1010100001111111
0010110000011100
0101110110010010
1010100101001011
0001111111010000
1001000010100110
0000000011110000
1010001100001100
1011010011010111
0101011010110100
1110010110100100
1101101101001101
0101001001101101
1011000100001001
0101000111100101
0100101000101111
1011110010001001
1110101101011100
0001100100100011
1000111011010100
1000110110101100
0001011110111101
0101110011000000
0111111010110010
0100110010001001
1110011010001001
0001001000110110
1000001000000110
0011001001011101
0000000010010110
1010111000101001
0100001011010100
0101011001110111
1111001001111111
0010101100011000
0000000000110011
0111100110110110
0010001100010011
0000101001110100
0001100101000101
1101001100010011
0001110110101111
1011110111101000
0111110010011000
0001001000110110
1010101011000011
1111101011100010
0010010010000001
1100011001110100
1101010110000110
1001111110101001
0100110011101111
0000010010111111
1010001101011001
1111101011100010
1101001100100000
1110111010110001
0110111010011101
0001111000010100
0110001010111111
1111010010001100
1101110001111010
0001111010110001
0100100100000010
1111111101101001
0010111001100011
0011100101111011
0011000001000100
1100111001111111
0011100011011001
1111011100000100
1011000100111010
1000001101100111
0000001100101101
0000111110011001
0100110111101000
1100111001111111
1001000000000011
1000101001011000
1101101111101000
1011111001010011
1110010011110110
1000111010000001
0101111001111100
0110011100110100
1011001110000110
0101111101111011
1000000111101000
1000001001010011
0111011111011000
1000011101111101
1111111100001111
1010011100010110
0011111000011001
0100111000110101
1000111100010000
1000001001010011
1110111010110001
1010111111101101
0100101001111010
1011111010010000
1001100010011110
0110110000100001
1010001001101101
0010110101111101
1000101100001010
1101000101101100
0001001110010100
0011110111000100
0100100010010011
1011011011001110
1100000111010101
1001100101101001
0101001101011001
0011000111010101
0100010010000010
0111000101001101
0111101111001001
0110100101011010
0110000000000011
0111101111111010
0110000101010001
1001100010101101
0100101100101000
1011101011011111
0101110001010110
0100010111100011
0000100101101010
1111101100010101
0001011010001001
1001001010001100
0011100110001011
1101000010101000
1111010101001000
1111111100111100
1000110000111101
1011001001110001
0110111100111111
1111111011001011
1111011000110000
1011010101110101
1010000000010010
0011110110100010
1110001101010111
0010101010111010
0001111010000010
0101101010100101
1101011011111110
1000000000101100
1001010010111100
0110100011001011
0011001001011101
0101101100000111
0010010010000001
0101010011111000
1100110011000011
0111000101111110
1100111101111000
1100100101001000
0101011010000111
0111010101010111
0000000111110111
0101011101110000
1010010010101101
1000110001101000
0100110100011000
0001001111000001
0110100110011001
1101011010011000
1110110110011100
0000010110001011
1100000110110011
0000100010011101
0110010011011010
1001010110001000
1000010010010011
1011010011010111
0000001011011010
0101001011001000
0110010011011010
1111111011001011
0111111011100111
0010010000010111
0100100101010111
1100011110000011
0001001101010111
1101110101111101
0010000000001101
1010111000101001
0111101100111001
1011110010111010
1000111111100000
1110010000110101
1011100001100011
0011011110000011
1000011010001010
0010100000000110
1000000000101100
0100000001011011
1010011110000000
1100011110110000
0100001000100100
0100001000010111
0110011011110000
0011010001101101
0110101011010010
0000110100100101
1110010101010100
1101000000001101
0010100100000001
0110111101101010
0010001011100100
1101011011001101
0101000111010110
1000101100001010
0100001100100011
1101111110010100
1110110000111110
1111010111101101
0001100001000010
1101011100001001
0011111101111000
0111010110100111
1111001000101010
0001011000101100
1001101010000111
0010100111110001
0010001000010100
0110101011100001
1000111011010100
0111011010111001
0000011111110100
1000111001110001
0001111110000101
0110000010010101
1001100100001111
1011100001010000
0101011101000011
0011111111101110
0011101101010001
1000110000111101
1000100011010111
0110101111100110
1100100010111111
0101010011111000
1011001111010011
1001001101001000
1101000001101011
1110110011001110
0010100100000001
0010101100101011
0010001101110101
0101101001100110
1000111010110010
1100110100110100
0000100111001111
0100111111000010
0001100010110010
1111100001011110
0110010000011001
0101001001011110
1000011110001101
0000010010111111
0001100101110110
0100111111110001
0011101100000100
1000011011101100
1110001001100011
0101010101101001
1010100001111111
1011010100010011
0011100000101001
1111000010100101
0001000000101111
1100110110010001
0011001011001011
0111011000101111
1101010011010100
0100110001111001
0101001011111011
0100001111010011
1001001001001111
0011010111111100
0000010100011101
1010101100110100
1111000101010010
1100000010110100
0000000111000100
1001010011101001
0110010010111100
0111011111101011
1001000101010001
1011110110111101
0110100100111100
1100000000100010
1100010001011110
0111000001111001
0001010110100100
1101101000011111
1100111101111000
0000001100101101
1110001001100011
0111110011001101
1011111011000101
1011001101110110
0000110100010110
1100000011100001
1111111000111011
0010101101111110
1010011100100101
1100010111001111
1101100010100011
1001000010010101
1101001000010100
1100010010101110
1001001001111100
1011010001110010
0000000001010101
1110000101111101
0011000011010010
1101100110100100
0100100010100000
0111000111011011
0000101111100101
0110101011100001
0100110001111001
0010101010111010
0000101000010010
1010101111000100
1000101001101011
0111010001010000
1101001000100111
1111010010111111
1110001010100000
0010110000101111
1001001010001100
1110000011011111
1100111011011010
0000001110001000
0001111100010011
0011001111111111
0111101010101000
0011010000001011
0001000011101100
1000111101000101
1101100000000110
0110000001010110
0011000100010110
1001100111001100
1110110100001010
0011010110011010
1000001101010100
1010111010111111
0110111010101110
1010100101001011
0110010100101101
0001000101001110
0001011110001110
0010110101111101
0111100000010100
0010111111000001
0000100001011110
1100001100001111
1100000011100001
0000101101110011
0111000010111010
0110011000110011
0101010110101010
0000101010000100
0011111110111011
1111101111010110
1010000110110000
0110100101101001
1100110111110111
0000000111000100
0100011110101111
1010101110100010
1000111000010111
1101100100000001
1101001011010111
1001101001000100
0101101101100001
0111001110100100
0111111101110110
1100011010110111
0110000101100010
0000101000100001
1000110111001010
1001101001110111
0100101001001001
0010001011100100
1100010010011101
0001001000110110
1111100001101101
0001101010011000
1100000110110011
1010001111111100
1011010100100000
0110001011011001
1011111100000001
0001001101010111
0111111100010000
1111111111001100
0011111100011110
0001001011000110
1101010100100011
1100010011001000
0101111011011001
0011100001001111
0101111000011010
0101010010011110
0101000010000100