01010000011110000001001010101111
11001100100011101011011001000011
00110110101001001000001001011000
00011000101000010110111111101111
10111011100001011000001011000001
01110110000010011011001100101000
10010101101101111010000000111001
00100101100011011011001000001000
11001010110000000111101110100110
00111111110000011011010100001001
01000010110011110101011000010001
01001100110111000110001100101011
10110010101100011101010101111010
01001001110000110111001110101100
01011110100011101101111111010001
11110011100100011010001001001011
10101000010101111000111101011000
01001101111011001001101001111001
11010010111100001110101111000110
00101110011000111110000001010100
10100001001000011100100001101010
10111101011101001110110011001000
01100100110101101001100100000110
01101101110000010110101011011110
10101110100111000110100100010101
10100001100011111011101101010011
10111011000110011011111010100100
00011011100011001100000000010011
10011110000000001100010010110100
00101110100001101011011011110000
10010101111100101111100100111000
00001010100110011011110010010010
10110000110001101100010010010011
11110101011001110101100100000111
11000001000110100011010011000111
11000000110110011001011101100110
11111100001110111101100010001010
00110011101101001001110111000010
00001001110001000110001010010011
01000000110100111110010001010000
00101011110000001101011111000000
01101110000000110110110110000100
10011101101111010001011000100111
10101011010011110100111001111011
10110011110111001110010111001101
00001101111110001000110011000001
10101000111000111101110010011101
00110111010000001001001001101101
00011111001000010001111111001001
01110001101111110011000110101010
10111110010110011110110110110111
01110011110000000100101101111010
01101001001000010000010000010011
11100100010011101011001011101000
00011100101111001111100111100100
10100101011110011011000011100100
00100100111101011001101010110111
11100001000110000110000111000010
10101011011100111101011101110010
01101010101111001100100010011010
00010011100011111110011000110100
01110001010010100011101111111001
10110111110010100110010101001011
10110001000111001111000001010100
01000010100101100111100010000010
10101001010001110100101001011000
10011010000001110010111000100101
10011011101111111011000000011001
11101010101000101011111000000000
00001110010101101111011000010011
10010100000101011110100110110110
10101011000101011000110111111100
00010111001101010011101010110100
01000000010101100001110001110100
10101010110110011010010100000100
11000001100111001100100000010010
00111111101111001001101010011011
10011100001110010111110111110110
11110111010111010111100110010100
00010100010000111000100011101100
10000010100001000110101100101001
11010111001101100010001001101100
11011011010111010111111100000011
11110101000010000010000000011101
01000010010001001010111111000101
00100010101111110001100001001111
10010101100101000010010101010000
00011110100010011110000110000011
11110100111101111110100001010000
01110010010001011011011010101111
00101101101000001111101100101001
01111111001110000101101000000110
10001110001000011110000110110001
00010000111001011101011001110000
10110100000000000100000001001010
11110011110111000011011010111001
00111111000101100001101100010110
11111010111001100001111101011111
00110001010110011101100010000000
00100010010010001111000010100000
01101011111100010111001001111000
00100011001111001001101101110001
11011110010100011000001111100001
00001000000001011000011111100110
00011100010101101111001010011010
10010100001001100100111011000000
11000101100011110100111111100010
11101101101011000100111010101010
10010100011110100111110111000101
01110111010110001101100011110001
11010011000101111001001010100011
01100101011000100011000011110010
11000100101110110011000111100111
01111110000001100100100000000011
01101111101000111110101011111011
10110000010001111011010110000111
11111110010010110011011100001100
10010101111011100010001101101011
11010101100101010000011100001001
00101011111000001011100100110110
01110000010110100111101100111110
01100101110101010111001011000010
00110011000001110011110101001101
01111000000110111000101110111101
10000010001101000001000011011000
00001010101110000001111001001011
10101100100001100101010001111011
10111101111100001001111110100101
10011000001101111111000110010010
10100111000110110000001101100010
00111011111110101000010101111011
10010011001001001101000001101110
01111000011001100001111100001101
00110000100001010101110011001000
00001011010111010100101110010101
10001011001000110101100011100100
11000101010110010111000010010010
01010110101011100111111000111101
00101110111110110101001101001100
11101001001001010010100001110010
11000111010100100100111010100101
11000111000010011101101010100110
00001010000100000001101001010011
01001000011101101110100001010111
01111101111000001110100100010001
11111111110101110001101011011001
00000010010100000110000001111001
01010111110100011000100110000100
10000011011000001110110111110001
11010110111010111110000101101101
10010010100001111011100011000100
00000100101101111011001110001101
00000110101101100111010011010011
11110110010111100100110001011100
10101110101101010010001110111001
10100110001100110111010011011011
01110110001111100010001000000110
01100101111110110100010101001101
00101011010001101000001101111110
11100011100010101100110000101000
10101110001111110110011100101101
01011111100100000111111011001001
10011110001111011101111100111110
01010011100110111001001100101001
11011100000011110000001110100111
00011101000011100111100000010101
01101101001001100010101010101000
10001101001000111111000011101111
00101101011110111010111000111000
11000110111010100110110011010000
01011010011100101111111110100101
11100100001111101001011111111100
10111001010011000111101101001000
11110110100101100010101010100111
00111100100110110000010100000001
01100011100011010100111001110001
00000100101110110110001111000111
11100001100111111111100101010011
00111100101010101110011010100100
00011010010010101000011000101010
00101011000100001110100010110011
11100010110001101000010000000000
01101101101100110001110000011010
00011000111001011001111110001100
10110010110110011111000010001111
01000111010011111111101000100101
11000100011010110111001011011110
11001011010010100100101101101010
01110110111111010111110010011110
01001000010101011000011100111100
11101000111100001010101000101000
01011010111000011110100000011110
01111110111000001111101010111111
01111001110101011011011110010000
11001100101001010010011000111101
10111001010101111001010001111100
01111111101110101011000111100010
01000110011001001001011010000010
01000000110001111010000111110001
11110101100100011111010101000110
11001001100101101001110101100001
01011000001110011100010011101000
11101000111011101110110101101010
01001001111000111000001000011110
01110011110111111110010001110001
01010110000110000011110011100100
10000000001101001011111001000010
10110010110011110110111100111010
00000101110011101000100110110100
11101010101111001010010111100010
01000101000110111010000001100100
00000001110111110010001001011010
10111110111110001101110101011011
01000100111110110000101101000001
00110101111000000101100111111011
00011101100010011010101011000111
00101101000101000010011011100110
01000100010110001101001101011111
01100110110010101011010011000101
00011100000000101001001011001000
01100111000000100110101111100101
11001010111001010001010100101110
01101001011000000111011110000100
00011010010111011001111111110011
11001110000111011010010110101011
01110011110101110011001000100111
10110000110001101101101100011111
01011000111011000110100000000111
01011111110011010101110010101101
10000010010101011101000101110100
11100001001111111010100111010010
00001001001001111110111011010111
01000110110101001100111001111110
01010001111100111101011110100001
01011100100100111111000111011010
00010011110100011101001010101101
01011010100111110101111100011000
00100011011011111111001100100101
11001100111001101011110000011101
11111101010110011111011110001110
11101001111111011010000110110000
00000110000011110110111110011010
00110001101101111100000101100101
10000101100111100010110000000001
10011100000111000010011011110011
11100100110100000011101010111100
11001000111111000001111011110010
00000000001011001100101101011111
10010101001011111110011110001001
10111011000110010110011001000000
11111000011100111011110000111000
00010011010001001101011110111100
00000101100010010110110111101011
00011101011100010100000011010110
11111011110011111011100010100010
01111110010010011100101001000000
01101111100100000000001010100010
11010010101101010011001010101010
01100010011100100011000001011000
00010111100100010000000011001101
11111110110111111110100101010010
00001101111001110011101001101000
01100111010011100100110100010110
10000101001011010110100110101110
10010111100111111010100011001010
00110101100111101010111010010011
00100011111011100010011000111010
11010000100001101100110010101100
11110100111001000001001111110000
10110000110100101100010010010101
00110010001000001001110010001110
11000110101001000100101100110100
01010111101010001011110110000001
10100110011101011000001011000100
11011010111010011101011000110001
10100011110000001111011001001011
10000011111001001010111011011000
01110101011111111111110011010100
00110100010001111011001101101010
10001101111010101011010000010000
11010010110000001111110000100010
00110100011011000100111100110110
00110110000001101000110101101001
10100100001011000011100101000100
11101101000011011101001001100111
11100111001110011001101110010001
01100000111100001011011100100010
10000110111101100001001001110000
10001100000011001001000100111100
00010010000111110010011010101001
01111001010100100011000000101000
11101110011011010110011010000011
10000110110100100101100010110001
10011110100111101000010010101010
00110010010010000010001111110110
01001110111110001001111111110100
00011011010100001111010110101010
00000000101110000111010011000000
10010010010011010101001011000101
11110000100101111110010111001001
10001011100111100111111000111000
00001100001000011101111111110111
01000100000000001011110000001110
11100000111111010001101011110010
01100110010010000011110100000111
10101101101011011101111101011110
10110001001010000101101100001101
01100110100010110111100101111111
11100001000100011101011100111111
11110111110110011001010011111000
01000000101001001001100010100100
01001111101010111111010100111010
00010111001101011010001011111000
10010100110010011100110110000111
10111010110110011100010010111010
11011100000111110011011110011101
11010101001110110111100010010110
00000110101111001001110000110010
00011010010010111111111110000110
11000100110000111000010110100000
11001110110011011011101001010001
01110111000101010000100101100010
11100011011101111000110001001000
11110011111001001010110001100101
11111011101111110010110001111111
10111001111111001000110111110001
01100000001000011100000000111010
10001010010011110011010110011001
00110100101111100001000101110011
10000100011101101100100000011000
10001100110111111001010001011011
01001000101110000100001010101111
11101101001000001111101011011111
11001000010111110010001000101100
11111000100111000101011101110100
10001001011101011100101101011101
10000001010010111010011111010000
01110001001111110110101011110011
01011001111001010101100010000001
10101011101011100111111110100111
00010010100100000100111111101111
10011000001010110110000010100100
00011101110001000000010000111111
01111101110101111111110010111101
11010001001000010111011111011011
00100111010000001111110110110100
00011101011010011000000110110111
00010010010110011001000011011000
00001000110000010101100011011111
00111100110011100010010110110111
10110100011111110111100001001111
11000001100111101110110011100000
10111100001000001001010011100000
11111111111110010010010100011111
11100010001011100010011011000100
00010011111011001001010111100100
10110001001011001010110110010000
10010010011001001100100000000010
00100100000111110001111000100011
00011000110100001011100111010001
01000001101111001111101111011000
01000100010001101011110111111011
01101111110011111101011011111101
01110110110110100001001111000111
11000111001111111101000100101010
01101100110101111110111100010110
00010111110000001111001011100011
01001010110010111000100010110001
11100001001000101110001100001110
10101000100100010000111101110100
00011110111001011110101100101001
01001000100100011101110111000010
01111111001110000010101010001001
11101101010001101011000010011100
11111001010000100000101000001001
01011100100001000111101000000001
10101111110000011010110111101101
00110110001110000100100101110010
01101011111101010000011100001100
00000110101111100001001110001010
10001000001100100011100001011010
10000001111001010011100100100101
00010011111001111000000101101110
11110001110101101001010100100100
00110100001101000111011101101001
10111011111110111100001000101101
10110000001010100011110110101110
01000001010010100110000011010101
01101000111111101000011000001000
10101011111001111110000101001010
01010111011000011001000000110000
01000011101100110110000010010011
01101110000100000001111100100110
01010001001000011100000011100101
01100101111100000000100111101011
11010011100100001000100111011011
10011111110011011100010010100011
11001101001001010100100000010111
10101101111111100111011101101010
01111000101110010110000110101100
10001101010010000101010100001010
00010001101111111100101111000011
11111111101111110011000000001110
10110011101111111000101101010000
01100101101010011100101101010100
00111111010100011111111011001010
01111000100110001101010011010011
11100011011011101111100101100101
11011001111100101001001011001011
00001001111001010011110100101000
11010111111110010000001000111101
00001110001001110110110111000011
00111001111110111100101001100010
10100000010111111011010000111111
00000100010011011110001011101100
01100100110010010110101000001000
10111000101110100100100110010101
01011110011000010110100101111000
10000011011100010001010001100111
01000011000011000001010111111100
10111100010001110100000100001110
11110010100111001011001011010011
11011111110101010101000010010110
11000001011100010000100010001110
10110100111001001100000110100010
00000110100101101000001011001100
01010011101001000111001000111110
01110110110010111011011100010001
01000011001001111100010010101001
01110001011101001000010011000011
00001011101011001110100101011001
00111110100000110011100110111110
10100010110010101101011100111000
01100000001100111100110111011100
01110101010010001100001000111100
01011011100110000100010111101100
01100011101100011010111111011101
00110011000001100000100110101010
01100001010110111010110100010011
11010100110010111101110101000101
00101101010101010110010000010011
11100101000111000100110001000110
00101011101001110011011010000101
10111001101000000100010011111101
11010011010101011110011110100001
01001110111100101101011101010100
11100100010101011011111010110001
01010000100100100001100110110010
10111000100000101100100011101100
01011001000001010010001010110010
10001110111101110010111101100110
11111001000000000011111100000110
01110101111010101011011000101100
11001011111001110100110111001101
01110000100010100100001101000101
01110000111010111010110101000010
01001100011101111111100100101100
00001001110110001111011010101010
11001001110010010010010001011001
10100011000001111001010100100101
11111011001010000110010100110010
00010001011011101101011000010001
00010101110100011101011110100001
00111011101110000101001101111010
00001100110000001110111010001110
01000110000110011010001110010011
10111000010000110101111001101100
01010111010111111100000110000100
10110011110010111100000111010000
01010110101010010011100101110111
00011010011110010011111001110101
11000100010101000001111011100010
01100001101100100110111111011001
11000100110010011000001011101001
10011011001001011011111001011111
01001100100011001001110011001001
10011000110000010001011001110000
11000011101111011001000101011000
00110011101101100110010011011011
11001000000110000001111111010010
10000011001011110000101010011100
10111010111101010010011111100011
10010100101001110001100011110000
00110000011001000010110010011010
01000111110101011110000000100010
01111111011010010100110011101000
10101101000010001110101001001001
10011010001011111110000001000111
00100000000000111101000000101011
11011010011110101000100111001110
10010110110000010101110101001110
01010101100100000000101110101101
11100000011110100100100000101110
11001111000001011101001010010110
10110111111001011100110001001111
00101100001110011001011100001100
01101011010100010001000010111010
00001101001101101110000101010001
01101001010011111100111001001101
01100111001011110101011110111001
10100110100101011101011010111100
11100111111101110010101000001010
00111100100111100100100100010010
10100100100010000100111001110110
11010111111110000011111101110011
10110101101111000100110000100101
10110011110001110001011110110100
10111011101000101000111011111011
11101111010100000110100100010011
10011110100101010010001100101000
01100010000001000000010111100001
11110000111011010110111010111010
00001001011001110000101010100100
10110101101000111100000111000011
10101001101110111100100101010110
00111000011000010100001111011100
11110000110001110100110001100000
11010001110100011011111011010100
00001101100011111000110100111010
00100000011111100010100100111010
01111100100100000011001100111011
10101001000111000001000101111010
10001101011111010011101101110000
10110010011100111101100111001100
10101000100000001000000111000000
00111011000000101000110011000001
00000111010011110001111010111000
00101100110110001110111010010100
00011001100111011101100010010101
11011110011011111010100111010001
01101100001111111000011101011001
10001111010101100100101010111011
10011100000110001101010001000111
11111011001100110111010100000000
00010010010010011011111010100111
01111010110000011111011100011111
10010001110001111000000101111101
00000111001110001011011010101011
10011101100110000001101110101111
10001011101100110111000100000001
10010000000000001101001101001001
01001010101110011111010011111101
10001101110101100101010100011001
10100000110001101000101011100101
10110110110000101000111110100100
11001000001001010010111010011111
01110101110011101101100100001000
11011001110101001000110010110001
00000100100000011111010101001010
10010111011101101101011101101111
10101001110011010101011010000011
00110110000101000010011100000000
11011101101010100001011100100111
10101100001010001111010010101101
10010001000010011111100000001001
10011110110001100011011001110011
00010000100101001000010001101001
00111000001010000111001000110001
01010010011101011101111100111011
10000111111010000110110111000001
01000011110111001110000011000010
11010000001110100010001100110011
11110110001010001011100111100110
11100001001001101101100101010101
10110111001010000011000001000111
01010011100111110111001010110111
10011101101001000000010011100101
00101110111011101111111001100010
11011001101000110000110000000001
00010000100010010010000110111000
00001111011011111001110101111111
10001011001010010111011000101000
11110001101010110111111111011001
00100011101101101101000100100111
10011101010011010100111110001000
01101100010101111000100100101110
00001101101100010111101111000111
11100111000110011101111010000110
10100110000011011011000011000000
00101011001100111101100010011111
10010001111001101001110101001111
11001111101010100011001000000001
01101101110110100010000010100100
01001011110000110011011000010010
11110111110100011011110110101000
01001111110000000101110010111111
01010101010000001100101011111110
10100111111110011001010110001010
11000001000100100111110100010011
11110000010011010001100110111010
10101000001111011101010001110100
11001101010000101110011000011110
00111001111111101011100000110001
01110011110011111000010100100001
10001101010000001110000010011010
00011001000010001010110111001101
01111111101111011001000111100010
11101010000110000111101011011000
00010100100001100110111010110010
11011101010011011010101011110101
11000110100001111111010001010111
10101000100101000000000110101011
00010110000100111111010010011101
11010111111111100100110110011011
11010011110101000000010101010111
10001000011110100100011000010010
10000100100000110000110101101010
10100000011010100000100001001010
01011001000111000011110110010011
00110100111111000010100101011001
01100010110000100001111111100101
11110111111010101010101001000001
10111111110110000111111111110110
10111001001011110011011101011011
11100110010111111100011001001100
01100101000001010001101011011100
10100011111101000000010001111011
10101010000000110111100011011000
01111101100010011110011101001001
10100111010001100011110101101101
00010100000011111100001110111110
11000011001010001111000010000111
11100010110001000010000100011100
01110100010101001110100110010011
10011010100001011101000111100011
01011101100111101111010110100110
00110111001011110101110111010101
01001000001101010110011111010110
11011110100011111011111111000000
00000100111000010101111010100110
01100101000101101110000000111001
00011011000011010010000001000111
10001011100000001001110001010111
11101101001000101100100111101000
00000101110001001110000110011101
00011101001110001100011011011100
00101111100011110001110000111101
10100001011110110011010010001011
01001011101111000101111100110111
00101111100101000011010100100100
11001100110111010010001111010000
10110110000110001110101000011000
01100111101010011000010111100001
00101001111100000110011111010001
10110100110011101111000010010100
01110011101000101110011100001010
00111000000001110111000000011100
10111001010001011111001000010101
10101001110110011111111011101110
00110111101100000100011100001001
10111110110000111110000111110110
11010110011101010001010010010011
10011100001000011100011111010101
00000000101001001100011110111110
00001000100111000101110011011010
10000100010010100100010011010011
00111100000101001011100010100000
00111010110000100010111000111011
10000110111010100101101000100001
11101010011011011101011010110000
11010001010011001111000011010000
10101110000100010011010100101001
10100100000001100000100110010010
00010100110111100011111001000011
01011001011010100010001111001011
00010100011111000110111001010110
10100000001110101100001011100011
11100111010011010011011000110110
01011010100101101001111000000001
01001100001110111110111111111000
10011110000010101010011101010000
10110011010110100000010100010000
10101111111001000111010010000010
10001100110110001110110100110010
10010100111101101100011000110111
01100001101110100000000111101111
11101001001000111110010011010100
11011010101010110100010011010010
10111110110010111100011011000001
00110011101011001110001100001101
00001101100000000011110110001001
01011011011011000111011101011011
10011101000101110101000100100010
00111010011000110010111001010101
10000101111110001011100100001011
01101100011011101010011111011101
00011101110111110100111010000011
00010010001001010000001000001010
11001111001000111011001101000001
10000101100010001011010001111010
01010001010000101101001000110010
01110000001010111001000110000001
11100110101111010011110101100110
11011011001101000011110101010101
01010100011011011000100110010010
10100111001011101101111001110011
11010011110010010100100110100101
01111111100110110000011001011100
00111100110010110101001100001011
00010010011100010101000100111101
11010011010010001101101010011001
00110000101011011001100111000010
11011010100011101111101110110010
10000101111100011000000001111111
11010010011010011001111001111001
10000101000101010010111110111111
00111011101001010111001101101100
10110111111000001101010000010000
11101100010011001100001000001110
01100011111111101100010111111000
11010111101111110111011100001101
01100100010101011101101110000000
00011010010010101000101101101100
00001001011011100111000111011010
10000011111111001100010110110110
01111001010101000100101110101111
10110011100110110001100111010000
00110101111000101100010100001010
01101110101000000010001100010100
01111111110010100011110110111011
10011011001101010010000001101010
10110110000001101100010111110100
11011011011001000100101111010110
00110111100111101101101011101010
11001011010101110010011110110100
11011100001000111111011011011011
10110110000001010111001100101011
01001011110111010110110110011110
00000000011010010000001010011101
11100101110001101000111111110110
11100000010101011101001010001001
00001000001100010000000110110110
01011001011111100010011111100100
11010101000110110111101111000001
10100000010010000001000010001001
10100100010110110111010101010001
10101001111101100111001101001010
01110111001010111010100101110001
01101011000000111110110001001000
00010011010100101011001000000000
01110111010001111000100001011001
10011111001111110110000111011100
00100011011100101111110100011011
11010100010100110100001011010111
11001111110110101111001101110000
11101010110001110000110010010101
10101110111111101110100100101001
01000001100000101010011001101111
11101110100001101001111110010010
01010010100010110011011111101000
01110100111111000000100010101011
10101100111111000000110010000100
00000100001011000101100011000100
11010011111111101100001101001101
11111001011111010011110010111011
01110010101111100010111011101110
11101010000101001101101100111011
01000001110101010000110111101101
00000110100110111000111111100111
10010100100101011101000110001100
00101100110000101110001010000001
10001100101011100000100011100000
01110001111111110010000001010111
01001101000000101110010111110000
01100100101001100000101110010110
11000000010101000000110100010100
01001110000100110000101101000100
10110000011001010110100011101101
11000001100001110110110001000011
01000001111100000101001100100001
11001111111101111101011111001011
10110111011101001100101010001011
01101101100010010111010011010100
00010000111011111010101011011110
10010011010001011001100111100110
00110010001110001001001111101000
00000010001100011001110001110010
11101000110110110001000011110010
11010100110010010010110011010011
01101000001100101000011001101011
10000101010111100011001011101001
10110111100010010111000100000010
11010010010010111001101111110111
01011000111001000110001000111001
11100101010010001010001001111101
11100000111000110011000111110001
10010011000110101101111110111011
11001101111101110110110000110110
00010101111111100101111111001100
10000010011101100111000010111101
01011001011100010000001111011110
00001000011011111000001110001101
11100111101010100011110010100110
10011100101110110001010000011011
10011100011001011111001000011111
00110110001010000010111011001010
11111100001011111010010111100000
10011101001110001100101101000011
01111000110111100110101001001110
10100011001101100111011011100011
11101001110011010000101111111101
10000010000111111001001001101100
10010001111000001111110011101110
10010010111000000111010000101101
11111111001011110001100001101000
10111101111101000001101110110000
01010100011010011101101011100100
01111010110100110100011010110000
00000010011000100000010101000111
10100000011011110010100101011101
10011110100101000000001001101110
11000011010010001111111100000011
01011010110010010011111000111110
10001111100111100010000101100101
11110011000101010011110111001100
11001111011000010001010001001100
10110010111111100000000011110001
11101011010111110001010000111001
10010111100100001111011001010010
01000100110111000101001100110111
10011101001101100111100111011000
10100110001011000011011001111111
00100100010010111111000101011101
01000101111000011010100100101001
11000101000000000010100100100011
11011000101101010011000001001001
01101011001011010010000101101011
11110010110100101011100000111110
10010110110111110000010000000011
10110011111001101010010001000000
00101110010010000101110111100101
11001001101011110101100111110011
01001110111101110111100110101001
10001111011110000001100010111111
00111000101010001100011010100011
01000001000110011110101100101010
00101011011101111111101110110110
11001010110101001101111110101011
00111110100100110111010100100001
10111100111010011110001001011100
00111010110011111111111111011101
00111110101010100110010001110010
11111000110100101111011001110110
10010000010101100111001101001010
11011111101111110011010111111010
10001111011011101100000101001010
11111011011001110011110011010111
10001011111111001000011100100010
00110100011010111010000001110100
00011001000100011000010000100011
10000100010111111000110000010101
10100010000101011010001111010111
01000110111010100011010001000110
10100011100110010010100001011001
01110010010001010101101001000101
00101101101000001001101111001110
11001101101010111111100101011100
11001101100111011011100111010110
11010010100010111011101111111010
11001100001000001111010111111000
10111101001000010010001100010000
11010100011101011000100010001100
00111101010011111010000011110101
10010101001111111010010101110001
00011011000110100100001110011001
00001110100101110010001001011111
11100100001001101111011010111111
00011100101111111001000010110100
01011100101010110001011111101001
01100001011011100110001011001000
01101001100111010110111100001110
11111110100101100001101110011101
11011000011010010111000001110000
11000111111000110100110111011110
01101011101000010110011111111011
00000110001100010010110011100100
10000100000000111110001101110110
00001101110100111000010111010101
11110000100110101000111100001101
11110001111001001011011100011111
11001110001100001010101110110100
10110100100101110000100101100100
11111101010110011100101011101111
01011010010000010101101010110111
01001010000101101001010010100010
01110000000101010010010011110101
00001011100100000001110100110111
10101000111101111101001001011001
00001001111010000010101111000101
11110001100101001111010101000001
00100111011000110101000100111011
01111101010100011100110001101000
01100001010111101101111101000000
01010000001110100110110000000011
01100101101101011000100010101011
01101111000101011011001101000001
00110111000100011001110000000111
11010100000110101010010000111010
01111010111010100000011110000110
10101101110100111011101000110100
10010111010101001111010011100011
00110111100101110101001101110001
11100100011011110010010010011010
10110101010101101010000111111111
00010010010110101110110111001001
11101101100000010111011101011100
01010100110011011111101110011101
11111100001001111011011000011111
10100000111111000000110110000011
11011100100100100101111111001100
00010010101001111000001001100001
00101111010001110000001011000110
00111011101001001101101101001011
11010011001100110101100011001001
01111101000001010110101010110010
00101001010101100110011000010000
00111111001101101110011100100100
11100110010010111111000011100110
00000100011110010101001001110011
01010100000111010011000111000101
01000101111010101111001001001010
00011000010011001110000110111100
10110100101111101001010110001101
00010001001111001101110010001010
11110110100010101100100001011100
00010110011111000110100100100100
10010101111011001011100111010111
00000110101100100111010111000111
01111000111011100000100010001111
11100000111001100010100001001110
10100110101010100100010010100000
10101000000100101011001110110001
10010100110111111010110011010100
11101010111101010111011000100111
10010011100101010010000111110000
00010101000110100111011111001100
00110000111101101110000111101101
00100111100011001100000000010011
11001110110111000100010011001111
10000001111101101110010011100100
10110111110100110111100100101000
00110001010000111010110010010101
00111001101100000001100100110011
00001010001111001101000101101111
01011110101111100111100111111100
10111010010101110111001110111100
11111001001010100000110001010100
10110010111011010100010101111100
10011111010001100011011110011100
01010010101000010111101101110100
11110000100001100111000101011011
11100100001110001111000111110000
01101111100011110000000101001110
10101011101001010111101011000110
10000001011001000101101000111101
11110111011000001011011111011111
00001011000010110100111000011110
11001001000000010000101000100000
00011110100110111111110010101000
11110101110101101101011100110100
00000001001100001110100011011010
01010000101110011011110000100010
01000111011001100010100000000011
01000001000001011111110101111001
01000111001111010101001010001110
01010100001111111001011011001011
01101100010011110101110110001101
11111010001111001111100001001111
11010011010101100010001110010101
00011011101000100001001010111100
01011111011001111100111000001010
00110010110010010100101001100110
00000000101111100011010100101110
00010100001000011100100111110101
00101100110100000001110011000111
01111001101000000101011110010101
01111101011110000100011110000010
01101000100011110001100101010100
00100011110111001000110101100000
11101101111100000101000101000110
11000010000010101100111111111101
10111011100110010010101011011100
00111100100100101001101100111100
00101110011100010110001011111101
10010001011000001111010101110000
11111010111010110100010111011111
01010000001000101110000010001100
00010100001000101001100001101110
01110100011001111010000101001101
11010101100000101011110100010101
01100000111010100111111100011101
10001011111101101101101011100101
10000100000111001011001110111101
10011100110100111000010010101011
00011100111001100100101000101010
00101101110010111110001110100011
00111100011111001010010110011110
00110111100111100001001110000110
00111111100001101100101101111110
11110001011101010101000010110001
