01010000011110000001001010
11001100100011101011011001
00110110101001001000001001
00011000101000010110111111
10111011100001011000001011
01110110000010011011001100
10010101101101111010000000
00100101100011011011001000
11001010110000000111101110
00111111110000011011010100
01000010110011110101011000
01001100110111000110001100
10110010101100011101010101
01001001110000110111001110
01011110100011101101111111
11110011100100011010001001
10101000010101111000111101
01001101111011001001101001
11010010111100001110101111
00101110011000111110000001
10100001001000011100100001
10111101011101001110110011
01100100110101101001100100
01101101110000010110101011
10101110100111000110100100
10100001100011111011101101
10111011000110011011111010
00011011100011001100000000
10011110000000001100010010
00101110100001101011011011
10010101111100101111100100
00001010100110011011110010
10110000110001101100010010
11110101011001110101100100
11000001000110100011010011
11000000110110011001011101
11111100001110111101100010
00110011101101001001110111
00001001110001000110001010
01000000110100111110010001
00101011110000001101011111
01101110000000110110110110
10011101101111010001011000
10101011010011110100111001
10110011110111001110010111
00001101111110001000110011
10101000111000111101110010
00110111010000001001001001
00011111001000010001111111
01110001101111110011000110
10111110010110011110110110
01110011110000000100101101
01101001001000010000010000
11100100010011101011001011
00011100101111001111100111
10100101011110011011000011
00100100111101011001101010
11100001000110000110000111
10101011011100111101011101
01101010101111001100100010
00010011100011111110011000
01110001010010100011101111
10110111110010100110010101
10110001000111001111000001
01000010100101100111100010
10101001010001110100101001
10011010000001110010111000
10011011101111111011000000
11101010101000101011111000
00001110010101101111011000
10010100000101011110100110
10101011000101011000110111
00010111001101010011101010
01000000010101100001110001
10101010110110011010010100
11000001100111001100100000
00111111101111001001101010
10011100001110010111110111
11110111010111010111100110
00010100010000111000100011
10000010100001000110101100
11010111001101100010001001
11011011010111010111111100
11110101000010000010000000
01000010010001001010111111
00100010101111110001100001
10010101100101000010010101
00011110100010011110000110
11110100111101111110100001
01110010010001011011011010
00101101101000001111101100
01111111001110000101101000
10001110001000011110000110
00010000111001011101011001
10110100000000000100000001
11110011110111000011011010
00111111000101100001101100
11111010111001100001111101
00110001010110011101100010
00100010010010001111000010
01101011111100010111001001
00100011001111001001101101
11011110010100011000001111
00001000000001011000011111
00011100010101101111001010
10010100001001100100111011
11000101100011110100111111
11101101101011000100111010
10010100011110100111110111
01110111010110001101100011
11010011000101111001001010
01100101011000100011000011
11000100101110110011000111
01111110000001100100100000
01101111101000111110101011
10110000010001111011010110
11111110010010110011011100
10010101111011100010001101
11010101100101010000011100
00101011111000001011100100
01110000010110100111101100
01100101110101010111001011
00110011000001110011110101
01111000000110111000101110
10000010001101000001000011
00001010101110000001111001
10101100100001100101010001
10111101111100001001111110
10011000001101111111000110
10100111000110110000001101
00111011111110101000010101
10010011001001001101000001
01111000011001100001111100
00110000100001010101110011
00001011010111010100101110
10001011001000110101100011
11000101010110010111000010
01010110101011100111111000
00101110111110110101001101
11101001001001010010100001
11000111010100100100111010
11000111000010011101101010
00001010000100000001101001
01001000011101101110100001
01111101111000001110100100
11111111110101110001101011
00000010010100000110000001
01010111110100011000100110
10000011011000001110110111
11010110111010111110000101
10010010100001111011100011
00000100101101111011001110
00000110101101100111010011
11110110010111100100110001
10101110101101010010001110
10100110001100110111010011
01110110001111100010001000
01100101111110110100010101
00101011010001101000001101
11100011100010101100110000
10101110001111110110011100
01011111100100000111111011
10011110001111011101111100
01010011100110111001001100
11011100000011110000001110
00011101000011100111100000
01101101001001100010101010
10001101001000111111000011
00101101011110111010111000
11000110111010100110110011
01011010011100101111111110
11100100001111101001011111
10111001010011000111101101
11110110100101100010101010
00111100100110110000010100
01100011100011010100111001
00000100101110110110001111
11100001100111111111100101
00111100101010101110011010
00011010010010101000011000
00101011000100001110100010
11100010110001101000010000
01101101101100110001110000
00011000111001011001111110
10110010110110011111000010
01000111010011111111101000
11000100011010110111001011
11001011010010100100101101
01110110111111010111110010
01001000010101011000011100
11101000111100001010101000
01011010111000011110100000
01111110111000001111101010
01111001110101011011011110
11001100101001010010011000
10111001010101111001010001
01111111101110101011000111
01000110011001001001011010
01000000110001111010000111
11110101100100011111010101
11001001100101101001110101
01011000001110011100010011
11101000111011101110110101
01001001111000111000001000
01110011110111111110010001
01010110000110000011110011
10000000001101001011111001
10110010110011110110111100
00000101110011101000100110
11101010101111001010010111
01000101000110111010000001
00000001110111110010001001
10111110111110001101110101
01000100111110110000101101
00110101111000000101100111
00011101100010011010101011
00101101000101000010011011
01000100010110001101001101
01100110110010101011010011
00011100000000101001001011
01100111000000100110101111
11001010111001010001010100
01101001011000000111011110
00011010010111011001111111
11001110000111011010010110
01110011110101110011001000
10110000110001101101101100
01011000111011000110100000
01011111110011010101110010
10000010010101011101000101
11100001001111111010100111
00001001001001111110111011
01000110110101001100111001
01010001111100111101011110
01011100100100111111000111
00010011110100011101001010
01011010100111110101111100
00100011011011111111001100
11001100111001101011110000
11111101010110011111011110
11101001111111011010000110
00000110000011110110111110
00110001101101111100000101
10000101100111100010110000
10011100000111000010011011
11100100110100000011101010
11001000111111000001111011
00000000001011001100101101
10010101001011111110011110
10111011000110010110011001
11111000011100111011110000
00010011010001001101011110
00000101100010010110110111
00011101011100010100000011
11111011110011111011100010
01111110010010011100101001
01101111100100000000001010
11010010101101010011001010
01100010011100100011000001
00010111100100010000000011
11111110110111111110100101
00001101111001110011101001
01100111010011100100110100
10000101001011010110100110
10010111100111111010100011
00110101100111101010111010
00100011111011100010011000
11010000100001101100110010
11110100111001000001001111
10110000110100101100010010
00110010001000001001110010
11000110101001000100101100
01010111101010001011110110
10100110011101011000001011
11011010111010011101011000
10100011110000001111011001
10000011111001001010111011
01110101011111111111110011
00110100010001111011001101
10001101111010101011010000
11010010110000001111110000
00110100011011000100111100
00110110000001101000110101
10100100001011000011100101
11101101000011011101001001
11100111001110011001101110
01100000111100001011011100
10000110111101100001001001
10001100000011001001000100
00010010000111110010011010
01111001010100100011000000
11101110011011010110011010
10000110110100100101100010
10011110100111101000010010
00110010010010000010001111
01001110111110001001111111
00011011010100001111010110
00000000101110000111010011
10010010010011010101001011
11110000100101111110010111
10001011100111100111111000
00001100001000011101111111
01000100000000001011110000
11100000111111010001101011
01100110010010000011110100
10101101101011011101111101
10110001001010000101101100
01100110100010110111100101
11100001000100011101011100
11110111110110011001010011
01000000101001001001100010
01001111101010111111010100
00010111001101011010001011
10010100110010011100110110
10111010110110011100010010
11011100000111110011011110
11010101001110110111100010
00000110101111001001110000
00011010010010111111111110
11000100110000111000010110
11001110110011011011101001
01110111000101010000100101
11100011011101111000110001
11110011111001001010110001
11111011101111110010110001
10111001111111001000110111
01100000001000011100000000
10001010010011110011010110
00110100101111100001000101
10000100011101101100100000
10001100110111111001010001
01001000101110000100001010
11101101001000001111101011
11001000010111110010001000
11111000100111000101011101
10001001011101011100101101
10000001010010111010011111
01110001001111110110101011
01011001111001010101100010
10101011101011100111111110
00010010100100000100111111
10011000001010110110000010
00011101110001000000010000
01111101110101111111110010
11010001001000010111011111
00100111010000001111110110
00011101011010011000000110
00010010010110011001000011
00001000110000010101100011
00111100110011100010010110
10110100011111110111100001
11000001100111101110110011
10111100001000001001010011
11111111111110010010010100
11100010001011100010011011
00010011111011001001010111
10110001001011001010110110
10010010011001001100100000
00100100000111110001111000
00011000110100001011100111
01000001101111001111101111
01000100010001101011110111
01101111110011111101011011
01110110110110100001001111
11000111001111111101000100
01101100110101111110111100
00010111110000001111001011
01001010110010111000100010
11100001001000101110001100
10101000100100010000111101
00011110111001011110101100
01001000100100011101110111
01111111001110000010101010
11101101010001101011000010
11111001010000100000101000
01011100100001000111101000
10101111110000011010110111
00110110001110000100100101
01101011111101010000011100
00000110101111100001001110
10001000001100100011100001
10000001111001010011100100
00010011111001111000000101
11110001110101101001010100
00110100001101000111011101
10111011111110111100001000
10110000001010100011110110
01000001010010100110000011
01101000111111101000011000
10101011111001111110000101
01010111011000011001000000
01000011101100110110000010
01101110000100000001111100
01010001001000011100000011
01100101111100000000100111
11010011100100001000100111
10011111110011011100010010
11001101001001010100100000
10101101111111100111011101
01111000101110010110000110
10001101010010000101010100
00010001101111111100101111
11111111101111110011000000
10110011101111111000101101
01100101101010011100101101
00111111010100011111111011
01111000100110001101010011
11100011011011101111100101
11011001111100101001001011
00001001111001010011110100
11010111111110010000001000
00001110001001110110110111
00111001111110111100101001
10100000010111111011010000
00000100010011011110001011
01100100110010010110101000
10111000101110100100100110
01011110011000010110100101
10000011011100010001010001
01000011000011000001010111
10111100010001110100000100
11110010100111001011001011
11011111110101010101000010
11000001011100010000100010
10110100111001001100000110
00000110100101101000001011
01010011101001000111001000
01110110110010111011011100
01000011001001111100010010
01110001011101001000010011
00001011101011001110100101
00111110100000110011100110
10100010110010101101011100
01100000001100111100110111
01110101010010001100001000
01011011100110000100010111
01100011101100011010111111
00110011000001100000100110
01100001010110111010110100
11010100110010111101110101
00101101010101010110010000
11100101000111000100110001
00101011101001110011011010
10111001101000000100010011
11010011010101011110011110
01001110111100101101011101
11100100010101011011111010
01010000100100100001100110
10111000100000101100100011
01011001000001010010001010
10001110111101110010111101
11111001000000000011111100
01110101111010101011011000
11001011111001110100110111
01110000100010100100001101
01110000111010111010110101
01001100011101111111100100
00001001110110001111011010
11001001110010010010010001
10100011000001111001010100
11111011001010000110010100
00010001011011101101011000
00010101110100011101011110
00111011101110000101001101
00001100110000001110111010
01000110000110011010001110
10111000010000110101111001
01010111010111111100000110
10110011110010111100000111
01010110101010010011100101
00011010011110010011111001
11000100010101000001111011
01100001101100100110111111
11000100110010011000001011
10011011001001011011111001
01001100100011001001110011
10011000110000010001011001
11000011101111011001000101
00110011101101100110010011
11001000000110000001111111
10000011001011110000101010
10111010111101010010011111
10010100101001110001100011
00110000011001000010110010
01000111110101011110000000
01111111011010010100110011
10101101000010001110101001
10011010001011111110000001
00100000000000111101000000
11011010011110101000100111
10010110110000010101110101
01010101100100000000101110
11100000011110100100100000
11001111000001011101001010
10110111111001011100110001
00101100001110011001011100
01101011010100010001000010
00001101001101101110000101
01101001010011111100111001
01100111001011110101011110
10100110100101011101011010
11100111111101110010101000
00111100100111100100100100
10100100100010000100111001
11010111111110000011111101
10110101101111000100110000
10110011110001110001011110
10111011101000101000111011
11101111010100000110100100
10011110100101010010001100
01100010000001000000010111
11110000111011010110111010
00001001011001110000101010
10110101101000111100000111
10101001101110111100100101
00111000011000010100001111
11110000110001110100110001
11010001110100011011111011
00001101100011111000110100
00100000011111100010100100
01111100100100000011001100
10101001000111000001000101
10001101011111010011101101
10110010011100111101100111
10101000100000001000000111
00111011000000101000110011
00000111010011110001111010
00101100110110001110111010
00011001100111011101100010
11011110011011111010100111
01101100001111111000011101
10001111010101100100101010
10011100000110001101010001
11111011001100110111010100
00010010010010011011111010
01111010110000011111011100
10010001110001111000000101
00000111001110001011011010
10011101100110000001101110
10001011101100110111000100
10010000000000001101001101
01001010101110011111010011
10001101110101100101010100
10100000110001101000101011
10110110110000101000111110
11001000001001010010111010
01110101110011101101100100
11011001110101001000110010
00000100100000011111010101
10010111011101101101011101
10101001110011010101011010
00110110000101000010011100
11011101101010100001011100
10101100001010001111010010
10010001000010011111100000
10011110110001100011011001
00010000100101001000010001
00111000001010000111001000
01010010011101011101111100
10000111111010000110110111
01000011110111001110000011
11010000001110100010001100
11110110001010001011100111
11100001001001101101100101
10110111001010000011000001
01010011100111110111001010
10011101101001000000010011
00101110111011101111111001
11011001101000110000110000
00010000100010010010000110
00001111011011111001110101
10001011001010010111011000
11110001101010110111111111
00100011101101101101000100
10011101010011010100111110
01101100010101111000100100
00001101101100010111101111
11100111000110011101111010
10100110000011011011000011
00101011001100111101100010
10010001111001101001110101
11001111101010100011001000
01101101110110100010000010
01001011110000110011011000
11110111110100011011110110
01001111110000000101110010
01010101010000001100101011
10100111111110011001010110
11000001000100100111110100
11110000010011010001100110
10101000001111011101010001
11001101010000101110011000
00111001111111101011100000
01110011110011111000010100
10001101010000001110000010
00011001000010001010110111
01111111101111011001000111
11101010000110000111101011
00010100100001100110111010
11011101010011011010101011
11000110100001111111010001
10101000100101000000000110
00010110000100111111010010
11010111111111100100110110
11010011110101000000010101
10001000011110100100011000
10000100100000110000110101
10100000011010100000100001
01011001000111000011110110
00110100111111000010100101
01100010110000100001111111
11110111111010101010101001
10111111110110000111111111
10111001001011110011011101
11100110010111111100011001
01100101000001010001101011
10100011111101000000010001
10101010000000110111100011
01111101100010011110011101
10100111010001100011110101
00010100000011111100001110
11000011001010001111000010
11100010110001000010000100
01110100010101001110100110
10011010100001011101000111
01011101100111101111010110
00110111001011110101110111
01001000001101010110011111
11011110100011111011111111
00000100111000010101111010
01100101000101101110000000
00011011000011010010000001
10001011100000001001110001
11101101001000101100100111
00000101110001001110000110
00011101001110001100011011
00101111100011110001110000
10100001011110110011010010
01001011101111000101111100
00101111100101000011010100
11001100110111010010001111
10110110000110001110101000
01100111101010011000010111
00101001111100000110011111
10110100110011101111000010
01110011101000101110011100
00111000000001110111000000
10111001010001011111001000
10101001110110011111111011
00110111101100000100011100
10111110110000111110000111
11010110011101010001010010
10011100001000011100011111
00000000101001001100011110
00001000100111000101110011
10000100010010100100010011
00111100000101001011100010
00111010110000100010111000
10000110111010100101101000
11101010011011011101011010
11010001010011001111000011
10101110000100010011010100
10100100000001100000100110
00010100110111100011111001
01011001011010100010001111
00010100011111000110111001
10100000001110101100001011
11100111010011010011011000
01011010100101101001111000
01001100001110111110111111
10011110000010101010011101
10110011010110100000010100
10101111111001000111010010
10001100110110001110110100
10010100111101101100011000
01100001101110100000000111
11101001001000111110010011
11011010101010110100010011
10111110110010111100011011
00110011101011001110001100
00001101100000000011110110
01011011011011000111011101
10011101000101110101000100
00111010011000110010111001
10000101111110001011100100
01101100011011101010011111
00011101110111110100111010
00010010001001010000001000
11001111001000111011001101
10000101100010001011010001
01010001010000101101001000
01110000001010111001000110
11100110101111010011110101
11011011001101000011110101
01010100011011011000100110
10100111001011101101111001
11010011110010010100100110
01111111100110110000011001
00111100110010110101001100
00010010011100010101000100
11010011010010001101101010
00110000101011011001100111
11011010100011101111101110
10000101111100011000000001
11010010011010011001111001
10000101000101010010111110
00111011101001010111001101
10110111111000001101010000
11101100010011001100001000
01100011111111101100010111
11010111101111110111011100
01100100010101011101101110
00011010010010101000101101
00001001011011100111000111
10000011111111001100010110
01111001010101000100101110
10110011100110110001100111
00110101111000101100010100
01101110101000000010001100
01111111110010100011110110
10011011001101010010000001
10110110000001101100010111
11011011011001000100101111
00110111100111101101101011
11001011010101110010011110
11011100001000111111011011
10110110000001010111001100
01001011110111010110110110
00000000011010010000001010
11100101110001101000111111
11100000010101011101001010
00001000001100010000000110
01011001011111100010011111
11010101000110110111101111
10100000010010000001000010
10100100010110110111010101
10101001111101100111001101
01110111001010111010100101
01101011000000111110110001
00010011010100101011001000
01110111010001111000100001
10011111001111110110000111
00100011011100101111110100
11010100010100110100001011
11001111110110101111001101
11101010110001110000110010
10101110111111101110100100
01000001100000101010011001
11101110100001101001111110
01010010100010110011011111
01110100111111000000100010
10101100111111000000110010
00000100001011000101100011
11010011111111101100001101
11111001011111010011110010
01110010101111100010111011
11101010000101001101101100
01000001110101010000110111
00000110100110111000111111
10010100100101011101000110
00101100110000101110001010
10001100101011100000100011
01110001111111110010000001
01001101000000101110010111
01100100101001100000101110
11000000010101000000110100
01001110000100110000101101
10110000011001010110100011
11000001100001110110110001
01000001111100000101001100
11001111111101111101011111
10110111011101001100101010
01101101100010010111010011
00010000111011111010101011
10010011010001011001100111
00110010001110001001001111
00000010001100011001110001
11101000110110110001000011
11010100110010010010110011
01101000001100101000011001
10000101010111100011001011
10110111100010010111000100
11010010010010111001101111
01011000111001000110001000
11100101010010001010001001
11100000111000110011000111
10010011000110101101111110
11001101111101110110110000
00010101111111100101111111
10000010011101100111000010
01011001011100010000001111
00001000011011111000001110
11100111101010100011110010
10011100101110110001010000
10011100011001011111001000
00110110001010000010111011
11111100001011111010010111
10011101001110001100101101
01111000110111100110101001
10100011001101100111011011
11101001110011010000101111
10000010000111111001001001
10010001111000001111110011
10010010111000000111010000
11111111001011110001100001
10111101111101000001101110
01010100011010011101101011
01111010110100110100011010
00000010011000100000010101
10100000011011110010100101
10011110100101000000001001
11000011010010001111111100
01011010110010010011111000
10001111100111100010000101
11110011000101010011110111
11001111011000010001010001
10110010111111100000000011
11101011010111110001010000
10010111100100001111011001
01000100110111000101001100
10011101001101100111100111
10100110001011000011011001
00100100010010111111000101
01000101111000011010100100
11000101000000000010100100
11011000101101010011000001
01101011001011010010000101
11110010110100101011100000
10010110110111110000010000
10110011111001101010010001
00101110010010000101110111
11001001101011110101100111
01001110111101110111100110
10001111011110000001100010
00111000101010001100011010
01000001000110011110101100
00101011011101111111101110
11001010110101001101111110
00111110100100110111010100
10111100111010011110001001
00111010110011111111111111
00111110101010100110010001
11111000110100101111011001
10010000010101100111001101
11011111101111110011010111
10001111011011101100000101
11111011011001110011110011
10001011111111001000011100
00110100011010111010000001
00011001000100011000010000
10000100010111111000110000
10100010000101011010001111
01000110111010100011010001
10100011100110010010100001
01110010010001010101101001
00101101101000001001101111
11001101101010111111100101
11001101100111011011100111
11010010100010111011101111
11001100001000001111010111
10111101001000010010001100
11010100011101011000100010
00111101010011111010000011
10010101001111111010010101
00011011000110100100001110
00001110100101110010001001
11100100001001101111011010
00011100101111111001000010
01011100101010110001011111
01100001011011100110001011
01101001100111010110111100
11111110100101100001101110
11011000011010010111000001
11000111111000110100110111
01101011101000010110011111
00000110001100010010110011
10000100000000111110001101
00001101110100111000010111
11110000100110101000111100
11110001111001001011011100
11001110001100001010101110
10110100100101110000100101
11111101010110011100101011
01011010010000010101101010
01001010000101101001010010
01110000000101010010010011
00001011100100000001110100
10101000111101111101001001
00001001111010000010101111
11110001100101001111010101
00100111011000110101000100
01111101010100011100110001
01100001010111101101111101
01010000001110100110110000
01100101101101011000100010
01101111000101011011001101
00110111000100011001110000
11010100000110101010010000
01111010111010100000011110
10101101110100111011101000
10010111010101001111010011
00110111100101110101001101
11100100011011110010010010
10110101010101101010000111
00010010010110101110110111
11101101100000010111011101
01010100110011011111101110
11111100001001111011011000
10100000111111000000110110
11011100100100100101111111
00010010101001111000001001
00101111010001110000001011
00111011101001001101101101
11010011001100110101100011
01111101000001010110101010
00101001010101100110011000
00111111001101101110011100
11100110010010111111000011
00000100011110010101001001
01010100000111010011000111
01000101111010101111001001
00011000010011001110000110
10110100101111101001010110
00010001001111001101110010
11110110100010101100100001
00010110011111000110100100
10010101111011001011100111
00000110101100100111010111
01111000111011100000100010
11100000111001100010100001
10100110101010100100010010
10101000000100101011001110
10010100110111111010110011
11101010111101010111011000
10010011100101010010000111
00010101000110100111011111
00110000111101101110000111
00100111100011001100000000
11001110110111000100010011
10000001111101101110010011
10110111110100110111100100
00110001010000111010110010
00111001101100000001100100
00001010001111001101000101
01011110101111100111100111
10111010010101110111001110
11111001001010100000110001
10110010111011010100010101
10011111010001100011011110
01010010101000010111101101
11110000100001100111000101
11100100001110001111000111
01101111100011110000000101
10101011101001010111101011
10000001011001000101101000
11110111011000001011011111
00001011000010110100111000
11001001000000010000101000
00011110100110111111110010
11110101110101101101011100
00000001001100001110100011
01010000101110011011110000
01000111011001100010100000
01000001000001011111110101
01000111001111010101001010
01010100001111111001011011
01101100010011110101110110
11111010001111001111100001
11010011010101100010001110
00011011101000100001001010
01011111011001111100111000
00110010110010010100101001
00000000101111100011010100
00010100001000011100100111
00101100110100000001110011
01111001101000000101011110
01111101011110000100011110
01101000100011110001100101
00100011110111001000110101
11101101111100000101000101
11000010000010101100111111
10111011100110010010101011
00111100100100101001101100
00101110011100010110001011
10010001011000001111010101
11111010111010110100010111
01010000001000101110000010
00010100001000101001100001
01110100011001111010000101
11010101100000101011110100
01100000111010100111111100
10001011111101101101101011
10000100000111001011001110
10011100110100111000010010
00011100111001100100101000
00101101110010111110001110
00111100011111001010010110
00110111100111100001001110
00111111100001101100101101
11110001011101010101000010
