01100000101
01111101000
00110110011
00100001000
11111110111
11100011100
11000011000
01010101110
10111111011
00101110111
10011110011
10001111011
10001010101
11010011101
11001101100
10100000100
10011101111
11111001001
10111100111
10100111100
00011100111
10010000100
00100011110
01000011001
11000110111
00001111010
01101001110
10101110010
10000010101
01001010010
00100011001
00000011001
01100101001
00010110001
01010101000
11111100110
00111101011
01110010011
00110010000
10000010100
00000110111
10111101100
10100101110
01001101101
11100010101
00011000001
11110011101
11111001000
01001001010
01000010011
00110100110
00011100101
10100001010
00110001001
00010010111
01000010100
11011111100
01100100011
11101100010
00110101010
11000110001
00011010110
00001110001
10010010111
10001110001
10101000000
10010011011
10101001100
10000110010
10111111111
00101001000
11001100011
01011000000
11100000111
10010100010
10011111000
01010101001
01111010101
01010100111
11110111001
00000111111
00001101000
10011100010
00101001010
11001111101
10010001001
00110000110
01000101000
01010100010
01100100000
11000110101
01101100101
11010110101
00010010001
11111000101
00100001111
10001110110
10011110101
01001111010
11101000000
01000000000
00100110101
11101101100
01100100110
00110101101
00100111110
10100010100
11110010001
01101110001
11001111011
11000001100
11110010001
01001000010
10011001000
11111010111
10111111010
01100001111
01001001000
11110110111
01011100100
00001010101
00111001010
00000010111
01010110110
11111100101
00110000110
10110101110
11111101100
11011111101
11011100010
11010110000
01100001101
00100011011
00010100100
01100011111
10010111010
11100101010
00110111000
11111111001
11111101011
00110111111
01010011001
11100001100
10010111100
00011001101
00000001000
00110000110
00111001111
01100000100
00110011010
00011100000
11110001001
10011001001
10001111000
00000000111
00010010100
01001010100
11010110111
00011101011
01111101001
01110101000
10010101011
11001100011
01111111001
11111101001
01010001110
11110001001
00001000000
01111011111
10111100100
00101011101
11111011110
10110100111
01000001010
01011011011
11000000000
01101110011
01010000011
01010101111
01111001100
01000100100
11000001110
01111110111
11110000110
01001010000
01110111010
01101101011
00100011000
00001010110
10110001100
11001000010
01110111011
10011101101
01010111101
10001010100
10010100001
11001000100
11010110010
01100110100
10100100101
00101110011
01010010100
10100101101
11111001111
11111111101
00111110110
10011100101
00110110100
00001100110
11100100000
10010100001
10100001000
01000110110
10011010100
00111010111
10010001000
01011110011
00011000101
11011101001
10100000001
11111110010
11111100110
01101111011
01111001110
11001111000
00100110000
11001110100
01111111010
01010010000
10100101000
00111000100
01011100011
10011100100
00001100001
10110110111
00101000101
01010101010
10111010110
11111001111
11111111110
11101010011
01010100000
10110010110
10000110000
00101100101
01011010011
01101101100
11100001010
00100010000
11111001100
01000011011
11001110100
11001001001
10111011100
11110000111
11011001010
00010101001
01010100111
00000011111
01110000010
01110111100
00011011111
01111111011
00011101011
00010011001
00001010111
11001001110
00011010101
10010001110
01111001000
01111010101
00011101111
10110110001
10101001110
01011010111
01001001110
11100110101
11011001001
10010010000
11001110001
01011001100
01110011101
00101010011
10011111110
00010111010
10011000001
00110101111
11011011100
11100100101
10110010110
11100101010
00101011110
11000100011
01000101111
01100011000
11111100100
11010001100
00111110010
00110011100
00000000101
01010011110
10110111100
00000001011
01000010010
11101101000
11010101000
00001010011
01111110000
00000111011
10111111110
01000101110
11100001001
00110011110
10000101011
10111101110
10010110100
11110010111
11010110110
10011100110
11100011100
10001100110
00111001000
00100101001
00001101010
11000000000
11011100101
10011000110
01000111011
01010111100
00101000001
11000001100
10010111010
10110001010
00110010101
00001110101
01110100111
10100101100
10100010010
10110111000
00011111010
01010010011
11010001011
01000001101
01000100001
01101011000
10010011001
00011111011
10000010100
01111011101
11101111100
01101101111
01101110011
11010111011
00001110110
00011110110
01111110111
01111011100
00010010111
00110011111
01110101110
10010000000
00110100110
10110111001
11110110111
01101100100
00010001111
11001000110
01000110011
11011100011
10110010111
11010111011
00010111111
01011100000
11010101001
11000010000
01010010110
11010110000
10001101110
01101001111
11111000000
01010010110
10101110010
01110010001
11001101001
00000101011
10011001001
01010000110
10111100111
01010101010
00101011001
10001110100
10001000111
10010011001
01011011111
01110000010
01110000101
10110111110
10101101110
01110001110
11000001001
01001011111
01111110011
11111111000
11101100010
11111110011
11011001111
11100011011
10110000001
00110000011
10101100110
01000010100
11000001000
00111110011
10100011111
01111110001
01000011111
00110111001
11000110001
01111011101
01010000110
10000100100
11110001111
00100101100
11010001000
01101100011
01111000000
11110111110
01011010010
11101001111
10010000100
00000001011
10110110011
00000010011
10110000011
01010000001
01000011101
01001011011
10011011111
10000000111
01001101000
01111111100
10000001001
10110100010
01011100001
00010011010
11011001100
00011011011
00000101100
11101100010
11101010100
01110111110
00111101011
10001011001
00000111011
10011010001
11110011110
10100010111
01010000010
11100010010
00110001011
10100010110
00000111110
10110100110
00100110101
10011100000
11110101100
00110011111
11001010100
10001010110
01110011101
11010100001
10011011011
11110110100
11000001011
00001111000
01100110001
01100101101
01100100101
10010001000
00101111011
01100110011
10000001000
11100001101
01001001100
11010101111
00001000101
01010001010
11100001110
00011110101
10101000111
01000011011
11110001000
11000010111
00000110111
10011100111
11010111010
11000010111
01011101111
01101100110
10101010100
01001001101
00100100011
11011100101
10010101101
01000101111
01010000000
01110110110
00101001100
01011100100
00101111011
11100000010
11100001110
00010111001
10101111010
11010011111
00101010100
00000010011
10110110001
11000101001
11011101011
01110010010
01100100011
11101000101
10011100101
10001110000
01101100011
10111011111
00111000101
11011110000
00010001110
01110001001
11011010011
00111010111
10101111101
11010000100
01010110111
01011010110
10110100000
11011000110
10100001000
01000110001
11100111010
10111101010
00110011011
11101000000
00010110000
11101111010
01101010000
10001111101
01001100110
11101111101
01000000111
00101100101
01010001111
10000101100
11010101110
01011001110
01001010100
01000010100
01111111011
00111010110
01111011001
11110011100
11110111010
11010101010
01110111011
11101011010
10101000101
11010110111
11000010011
00110101101
00111101111
01000100000
10100011001
11110010000
00110001110
00000011111
11111101111
10101111000
10101001110
11101111111
11001001011
01000111011
10100011010
01100011011
00101110111
01100110101
01100101011
10101000011
00101100000
01011101100
10101001010
00011111110
10010000101
00000000111
10100011000
10110100110
01010110101
11100101101
11011011010
01010010011
10110001000
01010001111
01001010001
10111100100
11101011010
00011001001
10001110110
10001101101
00010111101
01011100110
01111110101
01001100100
11100110100
00010010001
10000010000
00110010010
00000000100
10101110001
01000010110
01010110011
11110010011
00101011000
00000000001
01111001101
00100011000
00001010011
00011001010
11010011000
00011101101
10111101111
01111100100
00010010001
10101010110
11111010111
00100100100
11000110011
11010101100
10011111101
01001100111
00000100101
10100011010
11111010111
11010011001
11101110101
01101110100
00011110000
01100010101
11110100100
11011100011
00011110101
01001001000
11111111011
00101110011
00111001011
00110000010
11001110011
00111000110
11110111000
10110001001
10000011011
00000011001
00001111100
01001101111
11001110011
10010000000
10001010010
11011011111
10111110010
11100100111
10001110100
01011110011
01100111001
10110011100
01011111011
10000001111
10000010010
01110111110
10000111011
11111111000
10100111000
00111110000
01001110001
10001111000
10000010010
11101110101
10101111111
01001010011
10111110100
10011000100
01101100001
10100010011
00101101011
10001011000
11010001011
00010011100
00111101110
01001000100
10110110110
11000001110
10011001011
01010011010
00110001110
01000100100
01110001010
01111011110
01101001010
01100000000
01111011111
01100001010
10011000101
01001011001
10111010110
01011100010
01000101111
00001001011
11111011000
00010110100
10010010100
00111001100
11010000101
11110101010
11111111001
10001100001
10110010011
01101111001
11111110110
11110110001
10110101011
10100000000
00111101101
11100011010
00101010101
00011110100
01011010101
11010110111
10000000001
10010100101
01101000110
00110010010
01011011000
00100100100
01010100111
11001100110
01110001011
11001111011
11001001010
01010110100
01110101010
00000001111
01010111011
10100100101
10001100011
01001101000
00010011110
01101001100
11010110100
11101101100
00000101100
11000001101
00001000100
01100100110
10010101100
10000100100
10110100110
00000010110
01010010110
01100100110
11111110110
01111110111
00100100000
01001001010
11000111100
00010011010
11011101011
00100000000
10101110001
01111011001
10111100101
10001111111
11100100001
10111000011
00110111100
10000110100
00101000000
10000000001
01000000010
10100111100
11000111101
01000010001
01000010000
01100110111
00110100011
01101010110
00001101001
11100101010
11010000000
00101001000
01101111011
00100010111
11010110110
01010001110
10001011000
01000011001
11011111100
11101100001
11110101111
00011000010
11010111000
00111111011
01110101101
11110010001
00010110001
10011010100
00101001111
00100010000
01101010111
10001110110
01110110101
00000111111
10001110011
00011111100
01100000100
10011001000
10111000010
01010111010
00111111111
00111011010
10001100001
10001000110
01101011111
11001000101
01010100111
10110011110
10010011010
11010000011
11101100110
00101001000
00101011001
00100011011
01011010011
10001110101
11001101001
00001001110
01001111110
00011000101
11111000010
01100100000
01010010010
10000111100
00000100101
00011001011
01001111111
00111011000
10000110111
11100010011
01010101011
10101000011
10110101000
00111000001
11110000101
00010000001
11001101100
00110010110
01110110001
11010100110
01001100011
01010010111
01000011110
10010010010
00110101111
00000101000
10101011001
11110001010
11000000101
00000001110
10010100111
01100100101
01110111111
10010001010
10111101101
01101001001
11000000001
11000100010
01110000011
00010101101
11011010000
11001111011
00000011001
11100010011
01111100110
10111110110
10110011011
00001101000
11000000111
11111110001
00101011011
10100111001
11000101110
11011000101
10010000100
11010010000
11000100101
10010010011
10110100011
00000000010
11100001011
00110000110
11011001101
01001000101
01110001110
00001011111
01101010111
01001100011
00101010101
00001010000
10101011110
10001010011
01110100010
11010010001
11110100101
11100010101
00101100001
10010010100
11100000110
11001110110
00000011100
00011111000
00110011111
01111010101
00110100000
00010000111
10001111010
11011000000
01100000010
00110001000
10011001110
11101101000
00110101100
10000011010
10101110101
01101110101
10101001010
01100101001
00010001010
00010111100
00101101011
01111000000
00101111110
00001000010
11000011000
11000000111
00001011011
01110000101
01100110001
01010101101
00001010100
00111111101
11111011110
10100001101
01101001011
11001101111
00000001110
01000111101
10101011101
10001110000
11011001000
11010010110
10011010010
01011011011
01110011101
01111111011
11000110101
01100001011
00001010001
10001101110
10011010011
01001010010
00100010111
11000100100
00010010001
11111000011
00011010100
11000001101
10100011111
10110101001
01100010110
10111111000
00010011010
01111111000
11111111110
00111111000
00010010110
11010101001
11000100110
01011110110
00111000010
01011110000
01010100100
01010000100